framenum , queue density , dynamic density
1,0.111519,0.998759
6,0.120009,0.0925125
11,0.134428,0.137531
16,0.137069,0.09585
21,0.133556,0.107444
26,0.141141,0.0914875
31,0.146956,0.085425
36,0.148144,0.0855406
41,0.145725,0.0848562
46,0.141263,0.0947656
51,0.142966,0.0760031
56,0.153537,0.0830281
61,0.162719,0.0894625
66,0.16135,0.0822969
71,0.151784,0.080025
76,0.149784,0.0530969
81,0.151603,0.0447281
86,0.158044,0.0644938
91,0.171987,0.105894
96,0.17075,0.151028
101,0.172425,0.138781
106,0.169584,0.1269
111,0.176412,0.122409
116,0.189022,0.130031
121,0.189653,0.137134
126,0.191659,0.129809
131,0.192172,0.130387
136,0.190378,0.124572
141,0.189725,0.113759
146,0.187772,0.114241
151,0.187294,0.0954344
156,0.185009,0.0816562
161,0.180791,0.0728656
166,0.17995,0.0617562
171,0.1764,0.0669719
176,0.176275,0.0540812
181,0.175869,0.04575
186,0.175425,0.0421906
191,0.175106,0.0341875
196,0.173975,0.0355094
201,0.174466,0.0203688
206,0.174531,0.0134875
211,0.175109,0.01175
216,0.174594,0.0115094
221,0.171541,0.0247125
226,0.171997,0.0112781
231,0.173006,0.00916875
236,0.174644,0.00923437
241,0.171841,0.007725
246,0.171412,0.0185219
251,0.173503,0.0102844
256,0.173622,0.00683125
261,0.173375,0.0068
266,0.173819,0.007075
271,0.171656,0.012375
276,0.171622,0.0077
281,0.1847,0.0211625
286,0.194431,0.0395875
291,0.195231,0.0480594
296,0.189244,0.0512156
301,0.183816,0.0432844
306,0.180775,0.0391875
311,0.181075,0.0350094
316,0.180516,0.0265844
321,0.172703,0.0299125
326,0.171275,0.0196844
331,0.172338,0.0138969
336,0.172416,0.00794062
341,0.174034,0.0077875
346,0.173866,0.02475
351,0.175241,0.0264813
356,0.173731,0.0249906
361,0.174944,0.0229031
366,0.175416,0.0244187
371,0.176228,0.0284219
376,0.178056,0.0240313
381,0.1776,0.0211125
386,0.181438,0.026725
391,0.185091,0.0384813
396,0.186684,0.0526906
401,0.189978,0.0540344
406,0.198791,0.0667219
411,0.220978,0.0927906
416,0.242822,0.122203
421,0.252594,0.163887
426,0.271878,0.168984
431,0.289656,0.178328
436,0.298594,0.183266
441,0.299597,0.178881
446,0.29145,0.201334
451,0.300425,0.182003
456,0.306506,0.1612
461,0.307259,0.159197
466,0.309312,0.14575
471,0.311,0.141847
476,0.313453,0.121841
481,0.313803,0.101716
486,0.315147,0.0947656
491,0.316253,0.0877156
496,0.315506,0.0852031
501,0.31885,0.0719781
506,0.331188,0.0744875
511,0.345244,0.0698656
516,0.353347,0.0835844
521,0.372059,0.126981
526,0.379919,0.110075
531,0.384494,0.107978
536,0.383591,0.0899281
541,0.383575,0.0817
546,0.382241,0.104091
551,0.380925,0.0835719
556,0.377228,0.0640281
561,0.375903,0.0598344
566,0.374025,0.0925844
571,0.369428,0.10705
576,0.376481,0.0877344
581,0.386197,0.0605875
586,0.393975,0.0494938
591,0.40115,0.0453312
596,0.415019,0.086
601,0.429762,0.0648656
606,0.43905,0.0534125
611,0.456966,0.0598313
616,0.464662,0.0606
621,0.477703,0.0894969
626,0.481488,0.0678719
631,0.487156,0.0513281
636,0.491013,0.0502812
641,0.491734,0.0477531
646,0.48805,0.068625
651,0.492484,0.0515625
656,0.4951,0.045825
661,0.497206,0.0465812
666,0.500019,0.0472313
671,0.494144,0.0661625
676,0.496778,0.0542656
681,0.500153,0.0481625
686,0.502275,0.0482281
691,0.503503,0.0416094
696,0.500053,0.0513813
701,0.500794,0.0420969
706,0.502766,0.0348188
711,0.504537,0.0338406
716,0.505322,0.0357656
721,0.502025,0.0473594
726,0.503912,0.0296031
731,0.503372,0.0225813
736,0.503812,0.0169969
741,0.504119,0.0136937
746,0.500703,0.0277375
751,0.502369,0.0154219
756,0.502803,0.00811875
761,0.503044,0.009025
766,0.502012,0.00846562
771,0.499828,0.0306469
776,0.501812,0.0147
781,0.5028,0.00654063
786,0.503575,0.00807187
791,0.504831,0.00995937
796,0.505587,0.0227656
801,0.511131,0.0178344
806,0.511837,0.0178687
811,0.511606,0.0159594
816,0.517122,0.0149094
821,0.525556,0.0296344
826,0.529606,0.0169531
831,0.533653,0.0160062
836,0.532875,0.0102938
841,0.53225,0.00771875
846,0.531706,0.0203906
851,0.531641,0.0113406
856,0.532419,0.00679375
861,0.531881,0.006225
866,0.532416,0.0072
871,0.531691,0.0144688
876,0.532481,0.00893437
881,0.531094,0.0120656
886,0.532428,0.00668125
891,0.532134,0.00429375
896,0.533616,0.00426875
901,0.535059,0.00393438
906,0.532125,0.007475
911,0.533756,0.00445625
916,0.533694,0.00404062
921,0.531459,0.00289688
926,0.531378,0.00230625
931,0.535138,0.00814063
936,0.534597,0.00423125
941,0.535894,0.00786875
946,0.536637,0.00854688
951,0.536531,0.00738438
956,0.535944,0.0100719
961,0.535741,0.00639687
966,0.535594,0.00489688
971,0.536112,0.006275
976,0.535887,0.00717188
981,0.532991,0.0118156
986,0.534875,0.00914062
991,0.535903,0.00556875
996,0.536613,0.005175
1001,0.536963,0.0065625
1006,0.535078,0.0102344
1011,0.531109,0.0138906
1016,0.53115,0.0102469
1021,0.530619,0.0059
1026,0.530059,0.0067625
1031,0.529669,0.00615625
1036,0.526575,0.0105906
1041,0.527056,0.00754687
1046,0.528809,0.00720937
1051,0.529887,0.0078625
1056,0.530369,0.0074
1061,0.525925,0.0112656
1066,0.526731,0.00767813
1071,0.526175,0.00553438
1076,0.527566,0.00497812
1081,0.527312,0.00497187
1086,0.528578,0.0118625
1091,0.529763,0.00938438
1096,0.532181,0.00885937
1101,0.532534,0.00946563
1106,0.5329,0.009625
1111,0.531109,0.0171719
1116,0.530119,0.0122719
1121,0.527822,0.0092375
1126,0.528447,0.0126469
1131,0.529053,0.0147031
1136,0.526972,0.0204344
1141,0.5269,0.0159719
1146,0.526325,0.0140687
1151,0.5252,0.0139469
1156,0.525719,0.0125
1161,0.522391,0.0197156
1166,0.52195,0.0156594
1171,0.522106,0.0117531
1176,0.524012,0.0106531
1181,0.524147,0.00941563
1186,0.525803,0.0158719
1191,0.527831,0.0126187
1196,0.527988,0.0107875
1201,0.529156,0.00736562
1206,0.530028,0.0082
1211,0.530847,0.0132469
1216,0.530553,0.00840938
1221,0.530541,0.00607188
1226,0.530659,0.0063125
1231,0.532575,0.0110125
1236,0.532338,0.0186156
1241,0.534022,0.0164906
1246,0.5329,0.0154375
1251,0.5324,0.0139469
1256,0.532784,0.010625
1261,0.531228,0.0165344
1266,0.531,0.0111094
1271,0.532162,0.0103094
1276,0.535344,0.0122813
1281,0.536809,0.0135312
1286,0.536784,0.0158406
1291,0.537978,0.0131406
1296,0.537547,0.0104937
1301,0.537009,0.00986562
1306,0.53645,0.00956562
1311,0.528288,0.0167
1316,0.527281,0.0112812
1321,0.526456,0.00959687
1326,0.526438,0.0073875
1331,0.526516,0.00539687
1336,0.527528,0.0145688
1341,0.530184,0.0124906
1346,0.530591,0.0114625
1351,0.531513,0.0157188
1356,0.530903,0.0188906
1361,0.530603,0.03035
1366,0.535094,0.0270031
1371,0.533241,0.0230469
1376,0.532144,0.0217938
1381,0.5305,0.0203875
1386,0.525188,0.0277094
1391,0.525531,0.0212594
1396,0.526894,0.0192562
1401,0.527906,0.018225
1406,0.527272,0.0154219
1411,0.521481,0.0254594
1416,0.522837,0.022775
1421,0.524813,0.0271281
1426,0.5279,0.0417187
1431,0.533103,0.0663375
1436,0.534006,0.093825
1441,0.542678,0.112344
1446,0.546294,0.137506
1451,0.552556,0.165497
1456,0.561997,0.189062
1461,0.558353,0.209225
1466,0.564263,0.219859
1471,0.563453,0.30595
1476,0.563666,0.340122
1481,0.556438,0.340375
1486,0.554163,0.359072
1491,0.560297,0.338241
1496,0.561728,0.346587
1501,0.556412,0.356384
1506,0.5615,0.337519
1511,0.553269,0.329722
1516,0.542769,0.358797
1521,0.538822,0.33075
1526,0.520938,0.338872
1531,0.513091,0.351141
1536,0.488241,0.338778
1541,0.487841,0.320219
1546,0.483716,0.340178
1551,0.463531,0.359025
1556,0.456216,0.345181
1561,0.452078,0.369706
1566,0.449331,0.357203
1571,0.446925,0.369672
1576,0.433753,0.40425
1581,0.436506,0.40115
1586,0.433322,0.40685
1591,0.429378,0.404109
1596,0.419538,0.38595
1601,0.419594,0.392278
1606,0.415456,0.414797
1611,0.411225,0.401628
1616,0.395206,0.38235
1621,0.37515,0.377309
1626,0.361747,0.348781
1631,0.355656,0.338103
1636,0.350775,0.34725
1641,0.349872,0.311222
1646,0.342978,0.294616
1651,0.341819,0.288931
1656,0.349841,0.280497
1661,0.347084,0.287834
1666,0.352575,0.288112
1671,0.354741,0.301456
1676,0.377225,0.303678
1681,0.390894,0.329209
1686,0.402525,0.332284
1691,0.426219,0.324894
1696,0.435391,0.337572
1701,0.436628,0.326828
1706,0.452381,0.308447
1711,0.444097,0.307875
1716,0.443872,0.304522
1721,0.441125,0.299491
1726,0.453656,0.293484
1731,0.445759,0.266178
1736,0.398872,0.292103
1741,0.389138,0.266625
1746,0.369447,0.2506
1751,0.334191,0.297516
1756,0.3139,0.301013
1761,0.291056,0.265459
1766,0.273978,0.243106
1771,0.279881,0.237353
1776,0.292191,0.222291
1781,0.283844,0.2049
1786,0.271956,0.212075
1791,0.260003,0.179956
1796,0.242875,0.1625
1801,0.246109,0.179278
1806,0.247284,0.1716
1811,0.225653,0.196813
1816,0.204609,0.167009
1821,0.194884,0.167391
1826,0.189812,0.165316
1831,0.185737,0.169416
1836,0.189691,0.168353
1841,0.190447,0.144322
1846,0.179681,0.138084
1851,0.161812,0.110947
1856,0.149131,0.0998094
1861,0.157713,0.119469
1866,0.147097,0.102181
1871,0.155981,0.114334
1876,0.168606,0.127775
1881,0.200516,0.172781
1886,0.228466,0.231556
1891,0.278681,0.270906
1896,0.298269,0.298966
1901,0.327987,0.321641
1906,0.366922,0.3485
1911,0.356847,0.323547
1916,0.343678,0.301897
1921,0.316053,0.2724
1926,0.2788,0.226744
1931,0.255241,0.192256
1936,0.220941,0.173306
1941,0.200353,0.148544
1946,0.198819,0.134328
1951,0.195284,0.117584
1956,0.1754,0.0861281
1961,0.153491,0.0701625
1966,0.127337,0.0454969
1971,0.104041,0.0277219
1976,0.0868063,0.0152906
1981,0.0874781,0.0143687
1986,0.0820906,0.0215031
1991,0.0819375,0.0166531
1996,0.0816406,0.0144688
2001,0.0835812,0.0233906
2006,0.115769,0.0887344
2011,0.1179,0.176269
2016,0.150163,0.227678
2021,0.162916,0.243122
2026,0.210744,0.260097
2031,0.234434,0.2562
2036,0.224734,0.2182
2041,0.212091,0.17535
2046,0.209272,0.150753
2051,0.205,0.155009
2056,0.176841,0.123303
2061,0.162384,0.105756
2066,0.149566,0.0748469
2071,0.128341,0.0484281
2076,0.107172,0.0266188
2081,0.0906719,0.0133875
2086,0.0860438,0.0134562
2091,0.0852312,0.0112937
2096,0.0854969,0.0112438
2101,0.0998,0.0312875
2106,0.127731,0.0634062
2111,0.159872,0.0923438
2116,0.197266,0.113162
2121,0.220069,0.113116
2126,0.232644,0.132775
2131,0.242991,0.163994
2136,0.236434,0.171209
2141,0.224972,0.1581
2146,0.205722,0.162291
2151,0.196813,0.160706
2156,0.19905,0.173809
2161,0.194481,0.166466
2166,0.192491,0.140331
2171,0.193069,0.122006
2176,0.184422,0.101237
2181,0.167788,0.0832625
2186,0.154144,0.0729969
2191,0.136372,0.0610156
2196,0.117084,0.0412937
2201,0.0996031,0.0263687
2206,0.0913562,0.0170281
2211,0.0827187,0.0108406
2216,0.0797188,0.00632813
2221,0.0798469,0.005625
2226,0.0800187,0.0066
2231,0.080575,0.00732188
2236,0.0804281,0.00719375
2241,0.0818438,0.00730937
2246,0.0819031,0.00871875
2251,0.0821,0.00979688
2256,0.0835219,0.0119188
2261,0.0839375,0.0132906
2266,0.08505,0.0142125
2271,0.0964719,0.0440719
2276,0.113444,0.0636719
2281,0.119834,0.0734937
2286,0.121237,0.0844375
2291,0.123175,0.0905156
2296,0.118741,0.0896187
2301,0.124813,0.0914438
2306,0.129062,0.0927937
2311,0.131119,0.0847312
2316,0.123606,0.0679844
2321,0.117284,0.0600906
2326,0.105737,0.0518375
2331,0.102063,0.0441531
2336,0.0919281,0.0331344
2341,0.0918344,0.0259781
2346,0.0909656,0.0203188
2351,0.08985,0.0196406
2356,0.0860563,0.0198063
2361,0.0828469,0.019125
2366,0.0882406,0.0257531
2371,0.0857094,0.024675
2376,0.0832094,0.017675
2381,0.0834656,0.0146438
2386,0.102016,0.0406188
2391,0.117825,0.0831156
2396,0.119337,0.109372
2401,0.118434,0.103984
2406,0.110225,0.084675
2411,0.112213,0.0709594
2416,0.115684,0.0501531
2421,0.105038,0.0326875
2426,0.0892656,0.0188656
2431,0.0809375,0.0122938
2436,0.0975812,0.0435969
2441,0.0965063,0.0508188
2446,0.0947781,0.0509969
2451,0.0952594,0.054275
2456,0.0921437,0.0557156
2461,0.111353,0.0589688
2466,0.108034,0.0452
2471,0.0952438,0.0297625
2476,0.0869812,0.0162719
2481,0.0868125,0.0183938
2486,0.0859188,0.0230656
2491,0.0886563,0.023075
2496,0.0887844,0.0236344
2501,0.0895125,0.0232875
2506,0.0925531,0.0235531
2511,0.105144,0.0383438
2516,0.118181,0.0706281
2521,0.113328,0.0759656
2526,0.116722,0.0911187
2531,0.118447,0.0927969
2536,0.113044,0.0943781
2541,0.107181,0.0869438
2546,0.112631,0.0793594
2551,0.119844,0.0684625
2556,0.115319,0.050875
2561,0.0986969,0.0337563
2566,0.0844406,0.0187063
2571,0.0781375,0.00435625
2576,0.0783531,0.002425
2581,0.0786781,0.0017875
2586,0.07855,0.00335
2591,0.0786344,0.00214375
2596,0.0784906,0.00200937
2601,0.0785813,0.00210625
2606,0.0791687,0.00166875
2611,0.0776063,0.00254062
2616,0.07785,0.0018875
2621,0.0777156,0.00213437
2626,0.0857156,0.0113656
2631,0.105706,0.0408063
2636,0.104081,0.0503219
2641,0.123438,0.0887437
2646,0.153203,0.146631
2651,0.156128,0.208053
2656,0.160591,0.264594
2661,0.175675,0.250075
2666,0.172028,0.217181
2671,0.161513,0.198906
2676,0.151881,0.182766
2681,0.150181,0.152775
2686,0.145731,0.131156
2691,0.146287,0.112625
2696,0.138191,0.0942906
2701,0.119981,0.0805594
2706,0.108819,0.0565031
2711,0.104575,0.0483375
2716,0.107572,0.0479125
2721,0.108034,0.0440969
2726,0.106147,0.0434969
2731,0.113019,0.0576406
2736,0.116138,0.0743469
2741,0.117122,0.079425
2746,0.1139,0.0799875
2751,0.115166,0.0865531
2756,0.115941,0.0852094
2761,0.116181,0.0919563
2766,0.117763,0.087075
2771,0.1198,0.0832594
2776,0.1214,0.0794594
2781,0.122444,0.0773281
2786,0.119516,0.0801625
2791,0.119188,0.0724719
2796,0.119091,0.0676344
2801,0.120681,0.0614125
2806,0.120306,0.0554969
2811,0.118612,0.0506875
2816,0.121653,0.0328562
2821,0.122519,0.0239656
2826,0.123112,0.01625
2831,0.123522,0.0201844
2836,0.1233,0.0323281
2841,0.123194,0.0169844
2846,0.122609,0.0124781
2851,0.128831,0.02105
2856,0.137931,0.0372406
2861,0.131019,0.0376812
2866,0.125144,0.0193031
2871,0.126428,0.0226562
2876,0.125837,0.0214562
2881,0.127612,0.0194313
2886,0.128884,0.0386
2891,0.129963,0.0338156
2896,0.129494,0.0269687
2901,0.131031,0.0267469
2906,0.130837,0.0253656
2911,0.130272,0.0334313
2916,0.130934,0.0282375
2921,0.130406,0.0256688
2926,0.131284,0.0263812
2931,0.131103,0.0290281
2936,0.128622,0.0358969
2941,0.133516,0.03615
2946,0.153206,0.0531875
2951,0.179866,0.0756375
2956,0.207613,0.0950656
2961,0.236428,0.133484
2966,0.253675,0.146719
2971,0.270637,0.207584
2976,0.285619,0.243206
2981,0.295269,0.118922
2986,0.314403,0.223522
2991,0.322631,0.204912
2996,0.328544,0.129191
3001,0.340881,0.163397
3006,0.352625,0.176197
3011,0.370188,0.232134
3016,0.392803,0.234737
3021,0.416897,0.1953
3026,0.431506,0.182916
3031,0.434903,0.179838
3036,0.430356,0.198881
3041,0.409641,0.175291
3046,0.413656,0.153497
3051,0.412956,0.127081
3056,0.410284,0.108353
3061,0.413628,0.143266
3066,0.414425,0.116225
3071,0.420109,0.113044
3076,0.431303,0.12455
3081,0.43395,0.108084
3086,0.434019,0.125703
3091,0.452309,0.102334
3096,0.467187,0.0867219
3101,0.468525,0.0777
3106,0.461587,0.0716906
3111,0.452509,0.096325
3116,0.449359,0.0613969
3121,0.444544,0.0537906
3126,0.4401,0.0444531
3131,0.4404,0.0414844
3136,0.442844,0.0544094
3141,0.448091,0.0263594
3146,0.453681,0.0207094
3151,0.459403,0.0191594
3156,0.461763,0.0191531
3161,0.460772,0.0364531
3166,0.459872,0.0238781
3171,0.458937,0.0194187
3176,0.458456,0.019275
3181,0.461041,0.0201594
3186,0.463553,0.0366375
3191,0.470075,0.0305969
3196,0.476059,0.030025
3201,0.477675,0.0248906
3206,0.479325,0.0200187
3211,0.476041,0.0299125
3216,0.477225,0.0186406
3221,0.476759,0.0129406
3226,0.477006,0.01
3231,0.476428,0.00980938
3236,0.475169,0.0223938
3241,0.476934,0.0100313
3246,0.476122,0.00709375
3251,0.476231,0.00734375
3256,0.476216,0.00537813
3261,0.477956,0.01375
3266,0.479678,0.00705313
3271,0.483525,0.0078625
3276,0.48625,0.0110969
3281,0.487997,0.0123344
3286,0.485938,0.0192187
3291,0.485972,0.0140875
3296,0.48625,0.0116469
3301,0.485187,0.0117594
3306,0.485406,0.0126469
3311,0.484222,0.0177
3316,0.482769,0.0121312
3321,0.480137,0.011075
3326,0.478969,0.0123156
3331,0.480762,0.0122406
3336,0.475162,0.0170562
3341,0.476141,0.0129563
3346,0.475391,0.0127437
3351,0.474881,0.0121969
3356,0.473981,0.0127719
3361,0.475744,0.0187906
3366,0.475447,0.0154062
3371,0.475553,0.0117031
3376,0.476313,0.0112344
3381,0.475888,0.00744063
3386,0.474187,0.00845313
3391,0.475775,0.00874063
3396,0.477894,0.0134719
3401,0.479319,0.0149062
3406,0.482731,0.0157094
3411,0.481622,0.0173094
3416,0.480837,0.0117562
3421,0.481134,0.0079375
3426,0.480478,0.006575
3431,0.480812,0.00445625
3436,0.488591,0.0114406
3441,0.489553,0.00688437
3446,0.491031,0.00774063
3451,0.491406,0.0106687
3456,0.492387,0.00899063
3461,0.494909,0.0118937
3466,0.49405,0.00850937
3471,0.491375,0.00448125
3476,0.488666,0.00285313
3481,0.488731,0.00261562
3486,0.485272,0.006225
3491,0.485575,0.00390937
3496,0.485762,0.00370625
3501,0.486716,0.00470312
3506,0.48635,0.00499063
3511,0.487588,0.00545
3516,0.488206,0.00322187
3521,0.487722,0.00175625
3526,0.487191,0.00161563
3531,0.486887,0.00162813
3536,0.484391,0.00404062
3541,0.485041,0.0028125
3546,0.486353,0.003925
3551,0.487844,0.00516875
3556,0.489247,0.00481875
3561,0.489603,0.00615312
3566,0.488812,0.00502188
3571,0.486553,0.00605313
3576,0.487719,0.0043375
3581,0.488828,0.00379375
3586,0.490169,0.00351875
3591,0.490184,0.00366563
3596,0.487822,0.00615
3601,0.485466,0.00329375
3606,0.484456,0.0030875
3611,0.485656,0.00472188
3616,0.487444,0.00764375
3621,0.493166,0.0164812
3626,0.493613,0.0132531
3631,0.493209,0.010275
3636,0.496303,0.0189563
3641,0.496684,0.0243312
3646,0.488509,0.0272187
3651,0.48725,0.0196875
3656,0.4861,0.0123562
3661,0.485825,0.00946563
3666,0.484691,0.00929687
3671,0.483175,0.0132219
3676,0.482066,0.0126031
3681,0.483216,0.0139312
3686,0.482803,0.0145688
3691,0.484728,0.0109125
3696,0.482919,0.0134094
3701,0.481056,0.0284656
3706,0.484134,0.0362312
3711,0.486256,0.0384562
3716,0.488787,0.0342625
3721,0.489837,0.0363313
3726,0.491528,0.0312875
3731,0.491503,0.0255688
3736,0.490628,0.0246281
3741,0.489056,0.0243937
3746,0.486403,0.0262781
3751,0.485469,0.0236125
3756,0.485047,0.0182031
3761,0.484591,0.0120219
3766,0.482403,0.00831563
3771,0.476628,0.0198406
3776,0.479072,0.0174594
3781,0.484137,0.0158438
3786,0.487534,0.0153906
3791,0.489794,0.0137594
3796,0.489819,0.0231406
3801,0.490528,0.0274906
3806,0.489134,0.0299219
3811,0.488337,0.0329156
3816,0.489456,0.0315875
3821,0.50175,0.0894313
3826,0.503394,0.0685969
3831,0.506637,0.0124937
3836,0.509737,0.0105219
3841,0.51305,0.0102406
3846,0.513909,0.0246625
3851,0.516103,0.0160281
3856,0.516456,0.012125
3861,0.515403,0.0152687
3866,0.513753,0.0180438
3871,0.515234,0.0220469
3876,0.517825,0.016175
3881,0.518487,0.0161937
3886,0.518841,0.0161656
3891,0.519934,0.0156219
3896,0.513759,0.0292031
3901,0.513431,0.0260281
3906,0.519044,0.0181125
3911,0.5206,0.0124719
3916,0.520434,0.0099125
3921,0.518009,0.0144656
3926,0.518897,0.00935
3931,0.518147,0.0071625
3936,0.518641,0.00502188
3941,0.518166,0.00630312
3946,0.521481,0.0115031
3951,0.52295,0.00732188
3956,0.523581,0.00570625
3961,0.522047,0.00898125
3966,0.522575,0.00645625
3971,0.521022,0.0116469
3976,0.520441,0.00798125
3981,0.517178,0.0109594
3986,0.514125,0.0118031
3991,0.520222,0.00593438
3996,0.519472,0.00928437
4001,0.519766,0.00594687
4006,0.519103,0.00465625
4011,0.519609,0.00353438
4016,0.519909,0.00487188
4021,0.519428,0.0134719
4026,0.520338,0.0152344
4031,0.519056,0.009725
4036,0.519528,0.00611875
4041,0.519909,0.00579687
4046,0.519719,0.00910313
4051,0.520675,0.00432188
4056,0.520537,0.002725
4061,0.520456,0.00425625
4066,0.520109,0.00529688
4071,0.520969,0.0215187
4076,0.520972,0.0137031
4081,0.521456,0.00610938
4086,0.520428,0.00487188
4091,0.520344,0.00507187
4096,0.518437,0.0141375
4101,0.518484,0.0134
4106,0.518891,0.0145219
4111,0.519012,0.0141719
4116,0.5186,0.0156469
4121,0.518916,0.0229531
4126,0.520125,0.0143906
4131,0.521353,0.0260312
4136,0.519628,0.0572812
4141,0.518472,0.0734031
4146,0.518003,0.0952781
4151,0.519869,0.0997625
4156,0.519322,0.0993813
4161,0.519978,0.102159
4166,0.521397,0.115931
4171,0.526919,0.136172
4176,0.535088,0.152863
4181,0.544541,0.16885
4186,0.547341,0.171775
4191,0.547637,0.182325
4196,0.544359,0.19205
4201,0.547384,0.201412
4206,0.5528,0.237175
4211,0.568309,0.297787
4216,0.578059,0.333203
4221,0.589578,0.353059
4226,0.593081,0.359709
4231,0.583803,0.339603
4236,0.564434,0.336875
4241,0.513062,0.370578
4246,0.463916,0.372169
4251,0.419009,0.368269
4256,0.401444,0.406584
4261,0.398694,0.405012
4266,0.422016,0.385441
4271,0.442497,0.392469
4276,0.4578,0.350969
4281,0.467216,0.349394
4286,0.475278,0.367375
4291,0.483409,0.336306
4296,0.464162,0.354547
4301,0.472547,0.357612
4306,0.485488,0.355003
4311,0.484162,0.352941
4316,0.483866,0.384241
4321,0.473322,0.406666
4326,0.468256,0.382594
4331,0.455069,0.394175
4336,0.444553,0.370822
4341,0.437553,0.365309
4346,0.410431,0.385944
4351,0.413472,0.373191
4356,0.417222,0.370475
4361,0.413528,0.370812
4366,0.409244,0.356409
4371,0.407353,0.351694
4376,0.409291,0.363956
4381,0.397531,0.360516
4386,0.389697,0.357269
4391,0.36705,0.35045
4396,0.346516,0.336441
4401,0.339991,0.31395
4406,0.334472,0.310809
4411,0.333338,0.304216
4416,0.332759,0.282037
4421,0.338213,0.276853
4426,0.323534,0.270625
4431,0.313881,0.283966
4436,0.308638,0.304856
4441,0.319572,0.307797
4446,0.329512,0.329638
4451,0.351587,0.338662
4456,0.352769,0.333353
4461,0.346325,0.334366
4466,0.355103,0.344838
4471,0.358281,0.339341
4476,0.360459,0.322622
4481,0.325306,0.320303
4486,0.310488,0.292331
4491,0.297734,0.291725
4496,0.294837,0.271769
4501,0.316166,0.258616
4506,0.353038,0.264497
4511,0.369025,0.283341
4516,0.376984,0.286353
4521,0.347806,0.2775
4526,0.350203,0.278966
4531,0.373822,0.284519
4536,0.363187,0.274209
4541,0.349581,0.264981
4546,0.333969,0.257581
4551,0.314969,0.254803
4556,0.293825,0.260822
4561,0.293463,0.255678
4566,0.290434,0.252903
4571,0.294712,0.259544
4576,0.294331,0.253019
4581,0.275363,0.241447
4586,0.279822,0.246787
4591,0.280456,0.225906
4596,0.289641,0.229303
4601,0.285403,0.223912
4606,0.28155,0.21405
4611,0.278244,0.207878
4616,0.268459,0.192912
4621,0.258475,0.181675
4626,0.245737,0.172994
4631,0.248569,0.188247
4636,0.244253,0.186091
4641,0.248972,0.178747
4646,0.253506,0.192284
4651,0.273528,0.205487
4656,0.293722,0.208819
4661,0.292556,0.206606
4666,0.280116,0.193097
4671,0.262163,0.180269
4676,0.23945,0.170572
4681,0.221203,0.158209
4686,0.214134,0.166122
4691,0.228991,0.190803
4696,0.234788,0.181619
4701,0.22755,0.176509
4706,0.226353,0.184713
4711,0.227925,0.191241
4716,0.247138,0.206437
4721,0.257822,0.221897
4726,0.257731,0.222772
4731,0.258984,0.213938
4736,0.259219,0.206431
4741,0.238869,0.188372
4746,0.220875,0.167681
4751,0.224647,0.143044
4756,0.201872,0.127087
4761,0.177125,0.115484
4766,0.161125,0.0988406
4771,0.151669,0.0862781
4776,0.145903,0.0620313
4781,0.128647,0.0460375
4786,0.111897,0.0286281
4791,0.0940156,0.01535
4796,0.0848625,0.0190344
4801,0.0807031,0.00615312
4806,0.0811406,0.003875
4811,0.0812062,0.00504688
4816,0.0803125,0.0058375
4821,0.0786687,0.0114813
4826,0.0792188,0.007825
4831,0.0791437,0.005175
4836,0.0809156,0.0108094
4841,0.081275,0.00921875
4846,0.0811344,0.00857813
4851,0.0807438,0.007325
4856,0.0810531,0.00681875
4861,0.0809062,0.00863437
4866,0.0807469,0.00704688
4871,0.0808844,0.0061125
4876,0.0816531,0.00623438
4881,0.0814469,0.00633437
4886,0.0805969,0.00707188
4891,0.0806281,0.00678125
4896,0.0799125,0.00590313
4901,0.0848094,0.0124312
4906,0.0911562,0.0213687
4911,0.0893125,0.0198187
4916,0.083225,0.0132812
4921,0.0950187,0.0353625
4926,0.0971687,0.0399156
4931,0.122556,0.0750813
4936,0.127053,0.0910906
4941,0.127919,0.0975875
4946,0.144644,0.0955531
4951,0.134434,0.0870188
4956,0.124894,0.0758438
4961,0.115319,0.0690094
4966,0.114106,0.0482875
4971,0.122925,0.05405
4976,0.115541,0.07235
4981,0.109744,0.0795656
4986,0.111097,0.0791719
4991,0.111216,0.0756594
4996,0.112559,0.0711312
5001,0.113306,0.0666438
5006,0.117275,0.0583875
5011,0.114597,0.0559
5016,0.101016,0.0363062
5021,0.0891656,0.0197688
5026,0.0877781,0.0159969
5031,0.0825656,0.0107281
5036,0.0825,0.0120906
5041,0.0822031,0.01195
5046,0.0920437,0.0221875
5051,0.133378,0.0680625
5056,0.177794,0.130084
5061,0.208141,0.172534
5066,0.236569,0.192356
5071,0.259569,0.237791
5076,0.280953,0.273697
5081,0.291859,0.265825
5086,0.272425,0.230522
5091,0.242975,0.213053
5096,0.215103,0.212388
5101,0.191503,0.185531
5106,0.175503,0.141184
5111,0.150716,0.0981313
5116,0.123509,0.0599
5121,0.096875,0.0350688
5126,0.0779688,0.0110063
5131,0.0746969,0.0067875
5136,0.0722781,0.00758125
5141,0.0707531,0.00194688
5146,0.0711031,0.0012375
5151,0.0711344,0.00132813
5156,0.0710094,0.0012375
5161,0.0719,0.00191563
5166,0.0715719,0.00130313
5171,0.0715656,0.001175
5176,0.0716594,0.00113437
5181,0.0721719,0.00159375
5186,0.0701969,0.0019125
5191,0.0702219,0.0014625
5196,0.0715438,0.00221875
5201,0.0716656,0.00163437
5206,0.0717312,0.001275
5211,0.0719094,0.00125
5216,0.0719844,0.00120625
5221,0.0712781,0.00203125
5226,0.0713875,0.00144688
5231,0.0715719,0.00123125
5236,0.0718063,0.0012125
5241,0.0720688,0.00115313
5246,0.0715375,0.00172188
5251,0.0713312,0.001375
5256,0.0716969,0.00125
5261,0.0929906,0.026475
5266,0.103475,0.0516594
5271,0.103516,0.0693719
5276,0.104428,0.0788313
5281,0.107656,0.0834312
5286,0.110703,0.0838437
5291,0.128022,0.10905
5296,0.152916,0.160944
5301,0.169263,0.193684
5306,0.179197,0.211034
5311,0.175647,0.191503
5316,0.175391,0.159644
5321,0.164144,0.174516
5326,0.151237,0.147434
5331,0.149462,0.1196
5336,0.148616,0.130472
5341,0.142928,0.11155
5346,0.141794,0.110597
5351,0.144706,0.103206
5356,0.162213,0.117672
5361,0.176241,0.137759
5366,0.175881,0.135225
5371,0.166881,0.134309
5376,0.162616,0.115616
5381,0.164912,0.112363
5386,0.167112,0.108047
5391,0.183781,0.130191
5396,0.189906,0.158534
5401,0.182728,0.132125
5406,0.180341,0.113491
5411,0.175563,0.0993813
5416,0.177388,0.0830188
5421,0.191334,0.105163
5426,0.200794,0.100231
5431,0.204288,0.101544
5436,0.213697,0.130919
5441,0.225169,0.163225
5446,0.2307,0.212753
5451,0.239431,0.200866
5456,0.239741,0.199656
5461,0.240134,0.185706
5466,0.2386,0.174034
5471,0.231013,0.182344
5476,0.226816,0.149731
5481,0.245784,0.148934
5486,0.276903,0.155956
5491,0.301856,0.138328
5496,0.323872,0.161603
5501,0.335909,0.133513
5506,0.339972,0.117084
5511,0.340031,0.1052
5516,0.332991,0.0942812
5521,0.3266,0.129744
5526,0.335831,0.102837
5531,0.355903,0.101456
5536,0.368947,0.108716
5541,0.378978,0.101616
5546,0.381812,0.137684
5551,0.384209,0.092075
5556,0.386728,0.0660219
5561,0.393331,0.0663094
5566,0.395487,0.0687656
5571,0.395338,0.106106
5576,0.402416,0.0954688
5581,0.411141,0.0898562
5586,0.417884,0.0922
5591,0.431191,0.0980188
5596,0.427847,0.12795
5601,0.429425,0.0925969
5606,0.433328,0.06545
5611,0.440834,0.0633187
5616,0.442391,0.0622531
5621,0.436409,0.0984469
5626,0.437409,0.0737469
5631,0.436016,0.0546437
5636,0.434072,0.0503562
5641,0.438559,0.0390719
5646,0.452606,0.0969594
5651,0.454391,0.064825
5656,0.452922,0.0393625
5661,0.453609,0.0372594
5666,0.454234,0.0331531
5671,0.455537,0.0680656
5676,0.45675,0.0380469
5681,0.455838,0.0225438
5686,0.4559,0.0210719
5691,0.455259,0.0209438
5696,0.452934,0.0411062
5701,0.457147,0.0265531
5706,0.460322,0.0155687
5711,0.464181,0.0136594
5716,0.471556,0.0146781
5721,0.483084,0.062275
5726,0.483734,0.0291
5731,0.483641,0.00690313
